[385.0, 292.7, 290.0, 246.4, 419.9, 354.3, 482.5, 363.9, 306.6, 190.3, 341.2, 223.0, 236.7, 159.9, 147475.0, 231820.0, 525.0, 636.0, 101.0, 2608.0, 2.17, 2386773.0, 2405179.0, 7515998.0, 0.0, 11616.0, 32146.0, 0.0, 556124.0, 1017499.0, 0.0, 281010.0, 0.0, 0.0, 89707.0, 2287808.0, 0.0, 915373.0, 0.0, 0.0, 551349.0, 0.0, 0.0, 306106.0, 0.0, 0.0, 236091.0, 236091.0, 0.0, 237643.0, 0.0, 0.0, 7600.0, 7600.0, 380753.0, 445166.0]
[479.5, 394.5, 377.2, 313.8, 547.1, 503.9, 551.3, 467.3, 357.0, 262.2, 385.7, 289.7, 253.4, 175.9, 40781.0, 62143.0, 553.0, 656.0, 44.0, 1006.0, 2.46, 0.0, 645495.0, 1267896.0, 0.0, 6130.0, 17041.0, 0.0, 37172.0, 52277.0, 0.0, 33739.0, 36406.0, 0.0, 3271.0, 555708.0, 0.0, 278220.0, 289703.0, 0.0, 286964.0, 316762.0, 0.0, 206865.0, 233312.0, 0.0, 184611.0, 184611.0, 0.0, 40016.0, 43367.0, 0.0, 40083.0, 40083.0, 0.0, 0.0]
[565.5, 386.7, 371.4, 291.8, 630.5, 477.6, 661.4, 458.1, 472.7, 251.4, 540.7, 304.0, 314.0, 183.1, 821906.0, 687298.0, 1034.0, 1196.0, 0.0, 0.0, 2.13, 7181358.0, 6316712.0, 19412731.0, 0.0, 0.0, 0.0, 196968.0, 0.0, 0.0, 651759.0, 0.0, 0.0, 0.0, 0.0, 0.0, 1546253.0, 0.0, 0.0, 4786378.0, 0.0, 0.0, 151821.0, 0.0, 0.0, 0.0, 0.0, 0.0, 4634557.0, 0.0, 0.0, 0.0, 0.0, 0.0, 1273491.0, 1895061.0]
[368.1, 302.8, 273.4, 234.6, 442.3, 440.2, 455.0, 409.0, 272.3, 223.2, 303.3, 258.0, 206.4, 157.8, 13597.0, 26018.0, 477.0, 523.0, 38.0, 670.0, 2.15, 132522.0, 458844.0, 983370.0, 0.0, 7923.0, 18082.0, 5840.0, 223704.0, 319453.0, 0.0, 32655.0, 34920.0, 0.0, 374.0, 217745.0, 0.0, 74569.0, 79313.0, 126682.0, 119619.0, 313856.0, 8689.0, 99818.0, 174395.0, 0.0, 60228.0, 60228.0, 117993.0, 10625.0, 130285.0, 0.0, 9176.0, 9176.0, 43999.0, 0.0]
[416.4, 340.8, 333.1, 276.3, 489.0, 461.8, 477.4, 419.1, 298.5, 215.5, 327.5, 250.5, 221.4, 158.1, 7796.0, 13337.0, 489.0, 585.0, 10.0, 194.0, 2.46, 0.0, 137860.0, 359518.0, 0.0, 1898.0, 3319.0, 0.0, 11376.0, 117890.0, 0.0, 8678.0, 9062.0, 0.0, 0.0, 108647.0, 0.0, 72787.0, 74870.0, 0.0, 43121.0, 45730.0, 0.0, 34078.0, 35888.0, 0.0, 26814.0, 26814.0, 0.0, 9029.0, 9828.0, 0.0, 14.0, 14.0, 0.0, 0.0]
[372.0, 301.3, 277.8, 243.8, 423.8, 400.8, 451.7, 402.3, 301.1, 235.7, 333.4, 271.8, 219.7, 154.5, 8002.0, 14298.0, 494.0, 560.0, 34.0, 416.0, 2.19, 0.0, 244912.0, 467033.0, 0.0, 15798.0, 48828.0, 0.0, 42845.0, 51220.0, 0.0, 7347.0, 8129.0, 0.0, 44066.0, 181413.0, 0.0, 56776.0, 59291.0, 0.0, 78080.0, 118152.0, 0.0, 57495.0, 96979.0, 0.0, 47726.0, 47726.0, 0.0, 7769.0, 8357.0, 0.0, 12816.0, 12816.0, 0.0, 0.0]
[436.6, 323.3, 221.0, 165.7, 518.2, 461.8, 610.9, 494.6, 393.2, 266.1, 437.7, 308.3, 282.6, 183.3, 79969.0, 94514.0, 760.0, 846.0, 0.0, 0.0, 2.1, 773565.0, 888031.0, 0.0, 0.0, 8306.0, 33609.0, 58017.0, 167782.0, 0.0, 177920.0, 280080.0, 459352.0, 0.0, 2035.0, 667884.0, 101562.0, 239495.0, 345447.0, 436066.0, 190333.0, 656145.0, 64755.0, 101898.0, 192405.0, 0.0, 69835.0, 69835.0, 371311.0, 86411.0, 461716.0, 0.0, 2024.0, 2024.0, 93862.0, 106638.0]
[449.8, 362.7, 366.7, 319.5, 510.1, 479.0, 533.6, 456.5, 347.0, 256.4, 379.5, 289.5, 250.4, 172.3, 12954.0, 22084.0, 511.0, 587.0, 20.0, 114.0, 2.23, 0.0, 80849.0, 0.0, 0.0, 0.0, 9814.0, 0.0, 64114.0, 0.0, 0.0, 0.0, 6731.0, 0.0, 16599.0, 182549.0, 0.0, 0.0, 3353.0, 0.0, 136.0, 19356.0, 0.0, 114.0, 17482.0, 0.0, 104.0, 104.0, 0.0, 0.0, 1851.0, 0.0, 23.0, 23.0, 0.0, 0.0]
[408.4, 326.0, 290.3, 243.2, 474.0, 447.8, 499.5, 437.8, 319.3, 233.9, 360.9, 273.6, 230.5, 161.8, 42599.0, 69528.0, 551.0, 613.0, 113.0, 1916.0, 2.21, 294242.0, 890076.0, 2559322.0, 0.0, 60310.0, 128758.0, 9776.0, 252993.0, 614324.0, 59385.0, 100519.0, 163794.0, 0.0, 625.0, 800659.0, 53560.0, 164725.0, 255784.0, 171521.0, 310904.0, 596002.0, 26957.0, 246059.0, 377651.0, 0.0, 208334.0, 208334.0, 144564.0, 37379.0, 190885.0, 0.0, 27466.0, 27466.0, 96086.0, 83361.0]
[438.7, 342.6, 332.7, 280.3, 508.1, 489.9, 544.8, 463.5, 339.2, 233.1, 386.4, 274.7, 234.0, 161.7, 19736.0, 25803.0, 712.0, 765.0, 51.0, 1005.0, 2.1, 116231.0, 289547.0, 0.0, 0.0, 22819.0, 51586.0, 3408.0, 62946.0, 0.0, 15007.0, 35559.0, 51177.0, 0.0, 413.0, 301361.0, 6594.0, 53520.0, 62022.0, 91222.0, 114290.0, 226139.0, 15915.0, 88886.0, 124133.0, 0.0, 72823.0, 72823.0, 75307.0, 14271.0, 90874.0, 0.0, 11133.0, 11133.0, 0.0, 0.0]
[650.2, 541.9, 347.5, 291.9, 756.0, 696.0, 786.0, 662.6, 469.8, 322.9, 523.2, 375.7, 335.2, 218.9, 23291.0, 18988.0, 1163.0, 1227.0, 12.0, 123.0, 2.56, 0.0, 150006.0, 268794.0, 0.0, 4799.0, 9534.0, 0.0, 2744.0, 5308.0, 0.0, 14675.0, 15229.0, 0.0, 0.0, 104888.0, 0.0, 29249.0, 29832.0, 0.0, 98539.0, 104003.0, 0.0, 88925.0, 93363.0, 0.0, 77291.0, 77291.0, 0.0, 9220.0, 10246.0, 0.0, 394.0, 394.0, 21743.0, 24159.0]
[507.7, 398.6, 352.0, 295.7, 562.7, 531.2, 642.3, 505.4, 397.3, 272.5, 455.1, 319.5, 263.2, 175.8, 22320.0, 22049.0, 927.0, 1012.0, 37.0, 344.0, 2.27, 0.0, 334155.0, 866767.0, 0.0, 13500.0, 27451.0, 0.0, 123146.0, 474592.0, 0.0, 20754.0, 24496.0, 0.0, 1.0, 141757.0, 0.0, 30722.0, 32877.0, 0.0, 146032.0, 165593.0, 0.0, 127827.0, 146061.0, 0.0, 118748.0, 118748.0, 0.0, 7220.0, 8547.0, 0.0, 10985.0, 10985.0, 0.0, 0.0]
[426.8, 362.1, 333.2, 284.6, 501.9, 491.3, 503.9, 465.3, 310.6, 227.5, 350.1, 267.0, 213.6, 155.1, 9196.0, 13292.0, 622.0, 692.0, 16.0, 198.0, 2.3, 0.0, 131478.0, 0.0, 0.0, 12066.0, 30221.0, 0.0, 15498.0, 0.0, 0.0, 10195.0, 10691.0, 0.0, 307.0, 101561.0, 0.0, 20230.0, 21416.0, 0.0, 73182.0, 92985.0, 0.0, 63680.0, 82333.0, 0.0, 56999.0, 56999.0, 0.0, 5308.0, 6459.0, 0.0, 4194.0, 4194.0, 0.0, 0.0]
[393.2, 306.3, 309.4, 263.9, 438.3, 397.3, 455.8, 378.2, 326.4, 216.4, 372.8, 263.0, 217.2, 158.6, 16869.0, 33730.0, 417.0, 500.0, 17.0, 153.0, 2.24, 251184.0, 561251.0, 1415895.0, 0.0, 20153.0, 32184.0, 28681.0, 312590.0, 557214.0, 30841.0, 46209.0, 78997.0, 0.0, 1042.0, 358538.0, 11788.0, 64507.0, 80324.0, 179874.0, 116750.0, 308639.0, 27673.0, 82437.0, 120778.0, 0.0, 68776.0, 68776.0, 152201.0, 27740.0, 181287.0, 0.0, 6573.0, 6573.0, 0.0, 0.0]
[391.2, 319.9, 332.8, 295.9, 453.3, 443.9, 452.9, 397.3, 312.4, 221.0, 356.4, 262.4, 216.8, 154.0, 7962.0, 11618.0, 623.0, 685.0, 33.0, 480.0, 2.17, 0.0, 146384.0, 376164.0, 0.0, 24320.0, 51763.0, 0.0, 29219.0, 56966.0, 0.0, 15791.0, 16406.0, 0.0, 0.0, 153484.0, 0.0, 20859.0, 24083.0, 0.0, 56195.0, 73462.0, 0.0, 44076.0, 60586.0, 0.0, 34796.0, 34796.0, 0.0, 5112.0, 5869.0, 0.0, 7007.0, 7007.0, 0.0, 0.0]
[462.8, 355.7, 273.1, 218.0, 542.4, 482.3, 593.8, 495.6, 391.4, 262.3, 432.3, 305.5, 283.5, 172.8, 116396.0, 167316.0, 621.0, 696.0, 315.0, 4419.0, 2.17, 0.0, 1389237.0, 0.0, 0.0, 36544.0, 85592.0, 0.0, 140172.0, 453085.0, 0.0, 215876.0, 0.0, 0.0, 9877.0, 1316680.0, 0.0, 516627.0, 0.0, 0.0, 470140.0, 0.0, 0.0, 313048.0, 0.0, 0.0, 250029.0, 250029.0, 0.0, 131867.0, 0.0, 0.0, 25225.0, 25225.0, 0.0, 242649.0]
[352.8, 287.5, 293.3, 235.3, 422.0, 393.9, 427.2, 383.3, 259.2, 194.0, 297.8, 256.5, 182.7, 147.6, 2941.0, 6089.0, 424.0, 483.0, 6.0, 58.0, 2.17, 41100.0, 236623.0, 695250.0, 0.0, 3226.0, 5745.0, 0.0, 200635.0, 553868.0, 0.0, 5220.0, 0.0, 0.0, 3.0, 47425.0, 0.0, 7026.0, 0.0, 0.0, 20513.0, 0.0, 0.0, 15666.0, 0.0, 0.0, 10129.0, 10129.0, 0.0, 3240.0, 0.0, 0.0, 1607.0, 1607.0, 26988.0, 46082.0]
[423.0, 355.7, 334.2, 284.9, 490.6, 476.2, 510.1, 449.9, 297.9, 229.3, 339.7, 275.8, 209.4, 156.9, 17476.0, 27216.0, 568.0, 642.0, 44.0, 415.0, 2.32, 252103.0, 277782.0, 1414216.0, 0.0, 21327.0, 54843.0, 5942.0, 67972.0, 577932.0, 21097.0, 35510.0, 58088.0, 0.0, 991.0, 317384.0, 7343.0, 44887.0, 55643.0, 217721.0, 107095.0, 350325.0, 164108.0, 92762.0, 281022.0, 0.0, 81889.0, 81889.0, 53613.0, 12843.0, 67813.0, 0.0, 1490.0, 1490.0, 33552.0, 41918.0]
[445.9, 327.8, 304.5, 251.3, 496.0, 411.6, 558.1, 413.3, 362.7, 219.1, 405.7, 264.2, 263.3, 164.2, 273681.0, 425139.0, 555.0, 644.0, 272.0, 3785.0, 2.13, 2937379.0, 4756205.0, 19718662.0, 0.0, 2252.0, 76268.0, 225609.0, 1273021.0, 6989577.0, 309337.0, 511609.0, 838676.0, 0.0, 144710.0, 6112305.0, 205442.0, 1663709.0, 2279097.0, 2196991.0, 1160904.0, 3422739.0, 181250.0, 697591.0, 937842.0, 0.0, 596900.0, 596900.0, 2015741.0, 448997.0, 2470580.0, 0.0, 14316.0, 14316.0, 859777.0, 982756.0]
[395.0, 323.9, 331.1, 292.6, 463.7, 453.0, 465.7, 411.2, 293.9, 203.0, 345.4, 255.6, 186.3, 151.4, 8502.0, 13128.0, 583.0, 648.0, 28.0, 279.0, 2.17, 0.0, 145992.0, 0.0, 0.0, 25625.0, 45457.0, 0.0, 13500.0, 0.0, 0.0, 17501.0, 18472.0, 0.0, 1596.0, 184360.0, 0.0, 18382.0, 21365.0, 0.0, 69388.0, 106593.0, 0.0, 52226.0, 88944.0, 0.0, 46011.0, 46011.0, 0.0, 6723.0, 7210.0, 0.0, 10439.0, 10439.0, 0.0, 0.0]
[417.3, 340.3, 321.9, 277.6, 488.4, 473.9, 503.4, 443.2, 306.9, 230.4, 343.1, 268.3, 225.8, 157.4, 26909.0, 36476.0, 656.0, 738.0, 41.0, 1055.0, 2.24, 35055.0, 423123.0, 0.0, 0.0, 22809.0, 55687.0, 1524.0, 109074.0, 0.0, 7595.0, 33563.0, 44788.0, 0.0, 181.0, 533317.0, 0.0, 82909.0, 89332.0, 25936.0, 174587.0, 217432.0, 3159.0, 145965.0, 161183.0, 0.0, 139028.0, 139028.0, 22777.0, 17719.0, 45346.0, 0.0, 10903.0, 10903.0, 0.0, 0.0]
[826.5, 483.5, 372.5, 273.4, 986.7, 653.2, 1102.9, 642.5, 561.7, 326.9, 639.1, 394.7, 407.7, 240.2, 80889.0, 38924.0, 1894.0, 2078.0, 19.0, 164.0, 2.36, 193681.0, 366541.0, 759886.0, 0.0, 0.0, 0.0, 2141.0, 0.0, 0.0, 28858.0, 0.0, 0.0, 0.0, 0.0, 0.0, 28584.0, 0.0, 0.0, 134098.0, 0.0, 0.0, 9871.0, 0.0, 0.0, 0.0, 0.0, 0.0, 124227.0, 0.0, 0.0, 0.0, 0.0, 0.0, 0.0, 0.0]
[366.5, 298.2, 302.1, 283.7, 436.1, 425.6, 439.2, 403.0, 281.0, 208.7, 307.2, 248.5, 223.7, 146.0, 4535.0, 6524.0, 636.0, 695.0, 8.0, 69.0, 2.06, 12617.0, 27849.0, 0.0, 0.0, 4201.0, 12692.0, 3493.0, 2475.0, 0.0, 1931.0, 969.0, 3078.0, 0.0, 0.0, 58439.0, 0.0, 5095.0, 5382.0, 7193.0, 15109.0, 60374.0, 1921.0, 11513.0, 51294.0, 0.0, 8115.0, 8115.0, 5272.0, 904.0, 6388.0, 0.0, 2692.0, 2692.0, 0.0, 0.0]
[525.0, 464.2, 375.9, 323.0, 598.0, 586.9, 605.1, 562.2, 398.7, 293.3, 445.4, 333.0, 267.6, 193.1, 16323.0, 19306.0, 770.0, 845.0, 17.0, 514.0, 2.56, 25200.0, 170948.0, 455035.0, 0.0, 6606.0, 18164.0, 0.0, 22624.0, 32746.0, 0.0, 14666.0, 0.0, 0.0, 65.0, 228169.0, 0.0, 30974.0, 0.0, 0.0, 96013.0, 0.0, 0.0, 85750.0, 0.0, 0.0, 73704.0, 73704.0, 0.0, 10226.0, 0.0, 0.0, 37.0, 37.0, 0.0, 0.0]
[440.4, 337.9, 257.4, 213.5, 513.2, 473.9, 605.9, 485.2, 354.0, 250.2, 403.6, 298.1, 254.8, 170.0, 76725.0, 125301.0, 547.0, 612.0, 267.0, 5364.0, 2.14, 1206047.0, 1174062.0, 3725174.0, 0.0, 32951.0, 79607.0, 134020.0, 291834.0, 628016.0, 168865.0, 173441.0, 344653.0, 0.0, 2618.0, 1006427.0, 189462.0, 330257.0, 531490.0, 713700.0, 342960.0, 1134981.0, 152923.0, 238087.0, 468201.0, 0.0, 153150.0, 153150.0, 560777.0, 93495.0, 655401.0, 0.0, 11379.0, 11379.0, 467002.0, 668568.0]
[431.3, 324.8, 304.7, 261.3, 498.1, 428.7, 530.3, 418.2, 326.6, 219.5, 370.9, 262.8, 226.9, 162.6, 70781.0, 109124.0, 566.0, 649.0, 116.0, 3051.0, 2.19, 843970.0, 1224327.0, 4224579.0, 0.0, 29170.0, 58354.0, 24422.0, 425204.0, 1139698.0, 53297.0, 114463.0, 178427.0, 0.0, 3956.0, 1347549.0, 80251.0, 344440.0, 478760.0, 686000.0, 307094.0, 1021791.0, 152927.0, 213816.0, 391610.0, 0.0, 148429.0, 148429.0, 533073.0, 89603.0, 626506.0, 0.0, 3675.0, 3675.0, 361098.0, 432476.0]
[516.1, 449.2, 356.6, 318.6, 610.1, 576.3, 599.6, 538.3, 361.3, 273.9, 405.9, 315.0, 235.8, 168.7, 18452.0, 25499.0, 665.0, 724.0, 37.0, 423.0, 2.46, 0.0, 151588.0, 372207.0, 0.0, 7387.0, 21297.0, 0.0, 4607.0, 21263.0, 0.0, 6932.0, 7337.0, 0.0, 0.0, 173724.0, 0.0, 56817.0, 59061.0, 0.0, 75845.0, 89525.0, 0.0, 65515.0, 77529.0, 0.0, 61670.0, 61670.0, 0.0, 7709.0, 9374.0, 0.0, 2621.0, 2621.0, 141.0, 955.0]
[412.7, 312.2, 315.6, 262.5, 458.8, 434.6, 519.1, 418.5, 341.9, 239.4, 388.7, 283.2, 237.6, 162.2, 16812.0, 17954.0, 871.0, 936.0, 53.0, 1248.0, 2.05, 43896.0, 247573.0, 519235.0, 0.0, 26862.0, 72468.0, 3364.0, 36760.0, 50304.0, 11611.0, 21324.0, 33837.0, 0.0, 200.0, 135986.0, 2735.0, 44844.0, 49512.0, 26186.0, 117583.0, 177128.0, 3468.0, 86668.0, 122921.0, 0.0, 70232.0, 70232.0, 22718.0, 7316.0, 30608.0, 0.0, 23599.0, 23599.0, 0.0, 0.0]
[364.4, 303.3, 306.6, 276.1, 442.1, 424.1, 430.3, 369.2, 261.4, 206.7, 289.0, 242.5, 199.1, 159.6, 7342.0, 14518.0, 452.0, 506.0, 17.0, 154.0, 2.16, 54342.0, 534481.0, 1055952.0, 0.0, 30108.0, 42343.0, 1739.0, 284221.0, 487880.0, 18313.0, 24811.0, 45927.0, 0.0, 0.0, 203622.0, 3260.0, 23823.0, 33064.0, 31030.0, 171518.0, 243117.0, 4946.0, 132922.0, 177821.0, 0.0, 107524.0, 107524.0, 26084.0, 27017.0, 53716.0, 0.0, 11579.0, 11579.0, 0.0, 0.0]
[357.6, 296.6, 298.3, 261.8, 431.8, 405.0, 450.0, 410.1, 253.1, 204.2, 284.8, 246.1, 188.8, 152.9, 5900.0, 8689.0, 629.0, 679.0, 16.0, 156.0, 2.04, 45864.0, 137403.0, 591216.0, 0.0, 3902.0, 13487.0, 10068.0, 87373.0, 302119.0, 8332.0, 5444.0, 13895.0, 0.0, 21.0, 132971.0, 4649.0, 13538.0, 39946.0, 22815.0, 27125.0, 88799.0, 11715.0, 24164.0, 74709.0, 0.0, 10638.0, 10638.0, 11100.0, 1380.0, 12509.0, 0.0, 1581.0, 1581.0, 81.0, 0.0]
[395.7, 322.6, 270.4, 224.5, 485.5, 467.2, 486.7, 443.1, 292.3, 222.3, 330.5, 264.3, 205.6, 157.6, 29861.0, 56492.0, 479.0, 529.0, 90.0, 1643.0, 2.16, 196668.0, 609730.0, 1441154.0, 0.0, 15856.0, 33466.0, 13076.0, 111014.0, 162280.0, 49263.0, 82647.0, 138797.0, 0.0, 1333.0, 457361.0, 24418.0, 121482.0, 158392.0, 109911.0, 277398.0, 490858.0, 1323.0, 184219.0, 281448.0, 0.0, 133581.0, 133581.0, 108588.0, 77036.0, 193267.0, 0.0, 16143.0, 16143.0, 700.0, 0.0]
[451.5, 358.2, 336.5, 287.3, 520.5, 492.5, 579.9, 480.5, 336.2, 238.5, 385.8, 285.4, 235.0, 161.3, 27478.0, 35616.0, 709.0, 772.0, 65.0, 647.0, 2.18, 0.0, 50840.0, 543482.0, 0.0, 11031.0, 46520.0, 0.0, 7756.0, 20854.0, 0.0, 2385.0, 3988.0, 0.0, 0.0, 384855.0, 0.0, 5107.0, 10888.0, 0.0, 24561.0, 76377.0, 0.0, 20707.0, 71820.0, 0.0, 16944.0, 16944.0, 0.0, 591.0, 1294.0, 0.0, 3263.0, 3263.0, 0.0, 0.0]
[393.5, 322.0, 306.4, 270.7, 471.4, 450.7, 482.9, 432.8, 290.4, 221.2, 328.1, 264.9, 205.8, 152.4, 8409.0, 15436.0, 500.0, 545.0, 29.0, 267.0, 2.15, 0.0, 202445.0, 455418.0, 0.0, 18438.0, 32052.0, 0.0, 55153.0, 104054.0, 0.0, 16858.0, 18163.0, 0.0, 199.0, 159275.0, 0.0, 30141.0, 34409.0, 0.0, 81656.0, 107466.0, 0.0, 65290.0, 89961.0, 0.0, 49509.0, 49509.0, 0.0, 5969.0, 7107.0, 0.0, 10397.0, 10397.0, 0.0, 0.0]
[396.9, 335.9, 311.2, 297.6, 466.1, 466.0, 492.3, 437.3, 285.2, 230.8, 320.1, 264.9, 203.2, 155.5, 4550.0, 11150.0, 373.0, 408.0, 21.0, 133.0, 2.24, 45773.0, 434828.0, 2188345.0, 0.0, 3741.0, 9531.0, 18594.0, 345388.0, 1922747.0, 6705.0, 7124.0, 14205.0, 0.0, 9.0, 120461.0, 856.0, 24691.0, 26975.0, 19618.0, 53875.0, 94426.0, 2874.0, 49398.0, 72958.0, 0.0, 38665.0, 38665.0, 16744.0, 3732.0, 20723.0, 0.0, 745.0, 745.0, 223116.0, 268693.0]
[520.7, 420.4, 394.3, 297.3, 597.5, 543.4, 585.6, 494.2, 367.3, 255.1, 402.2, 292.5, 266.0, 179.5, 56544.0, 77706.0, 616.0, 728.0, 66.0, 802.0, 2.55, 495942.0, 776656.0, 0.0, 0.0, 189.0, 5055.0, 56438.0, 62503.0, 0.0, 124969.0, 89309.0, 216232.0, 0.0, 1288.0, 684297.0, 30764.0, 292271.0, 327849.0, 283771.0, 331097.0, 635816.0, 43501.0, 277638.0, 341726.0, 0.0, 251832.0, 251832.0, 240270.0, 37048.0, 277679.0, 0.0, 16412.0, 16412.0, 0.0, 0.0]
[683.4, 524.0, 427.4, 348.2, 743.9, 644.4, 844.4, 648.3, 534.4, 334.3, 599.9, 387.1, 338.7, 212.0, 43737.0, 30505.0, 1343.0, 1434.0, 33.0, 325.0, 2.53, 0.0, 288394.0, 0.0, 0.0, 10483.0, 24563.0, 0.0, 11589.0, 0.0, 0.0, 25874.0, 26646.0, 0.0, 0.0, 215251.0, 0.0, 38293.0, 39155.0, 0.0, 202155.0, 216688.0, 0.0, 175644.0, 189503.0, 0.0, 163999.0, 163999.0, 0.0, 7288.0, 7962.0, 0.0, 19223.0, 19223.0, 0.0, 0.0]
[436.9, 377.8, 348.0, 308.8, 506.3, 502.8, 518.8, 458.9, 315.0, 238.7, 358.0, 281.4, 211.9, 159.3, 9103.0, 13364.0, 610.0, 681.0, 32.0, 341.0, 2.32, 0.0, 117685.0, 0.0, 0.0, 7653.0, 18032.0, 0.0, 10522.0, 0.0, 0.0, 22406.0, 22811.0, 0.0, 33.0, 157809.0, 0.0, 17677.0, 18182.0, 0.0, 59394.0, 88560.0, 0.0, 47689.0, 75679.0, 0.0, 42219.0, 42219.0, 0.0, 3334.0, 4510.0, 0.0, 8371.0, 8371.0, 0.0, 0.0]
[369.8, 300.0, 310.5, 267.5, 435.4, 424.0, 473.0, 426.6, 269.8, 200.6, 312.4, 258.5, 197.5, 148.6, 9036.0, 11618.0, 717.0, 778.0, 33.0, 388.0, 2.09, 29754.0, 149886.0, 535156.0, 0.0, 9133.0, 15155.0, 8313.0, 59107.0, 215606.0, 6499.0, 14830.0, 21577.0, 0.0, 0.0, 139269.0, 3591.0, 19691.0, 24724.0, 11351.0, 47125.0, 118825.0, 3139.0, 39604.0, 102141.0, 0.0, 27987.0, 27987.0, 8212.0, 3286.0, 12449.0, 0.0, 4235.0, 4235.0, 66114.0, 0.0]
[407.9, 321.8, 293.7, 246.8, 478.9, 444.8, 496.1, 423.4, 314.1, 220.7, 352.0, 261.3, 227.5, 158.4, 51993.0, 110439.0, 410.0, 471.0, 0.0, 0.0, 2.18, 1019009.0, 3182886.0, 7846434.0, 0.0, 22985.0, 61222.0, 0.0, 2242281.0, 4579199.0, 0.0, 128365.0, 0.0, 0.0, 31986.0, 1214828.0, 0.0, 395381.0, 0.0, 0.0, 361889.0, 0.0, 0.0, 255395.0, 0.0, 0.0, 202880.0, 202880.0, 0.0, 76834.0, 0.0, 0.0, 29660.0, 29660.0, 0.0, 711239.0]
[386.1, 320.1, 293.0, 249.1, 461.3, 437.5, 467.0, 420.2, 287.8, 231.2, 321.1, 270.6, 206.1, 158.6, 14435.0, 33284.0, 392.0, 434.0, 22.0, 167.0, 2.12, 232010.0, 1016814.0, 2016908.0, 0.0, 9311.0, 18125.0, 25187.0, 739577.0, 1122052.0, 40592.0, 46377.0, 87661.0, 0.0, 1037.0, 326727.0, 22507.0, 82140.0, 109155.0, 143724.0, 138373.0, 353188.0, 48745.0, 110275.0, 229893.0, 0.0, 90228.0, 90228.0, 94979.0, 19577.0, 114774.0, 0.0, 8521.0, 8521.0, 20992.0, 21735.0]
[388.7, 334.7, 330.9, 293.3, 465.3, 458.9, 443.5, 395.4, 271.8, 224.1, 302.2, 263.0, 192.1, 156.3, 4807.0, 12137.0, 338.0, 396.0, 4.0, 55.0, 2.43, 0.0, 69360.0, 263785.0, 0.0, 3516.0, 9053.0, 0.0, 17363.0, 89056.0, 0.0, 2227.0, 2820.0, 0.0, 0.0, 103370.0, 0.0, 28308.0, 31837.0, 0.0, 17946.0, 27648.0, 0.0, 15505.0, 24645.0, 0.0, 13933.0, 13933.0, 0.0, 1338.0, 1900.0, 0.0, 1103.0, 1103.0, 0.0, 0.0]
[397.3, 330.5, 374.7, 316.2, 461.2, 453.3, 458.8, 407.5, 292.9, 219.8, 331.3, 258.7, 194.1, 149.8, 10175.0, 16315.0, 565.0, 624.0, 32.0, 342.0, 2.17, 0.0, 175430.0, 0.0, 0.0, 36660.0, 68672.0, 0.0, 17318.0, 0.0, 0.0, 15013.0, 18670.0, 0.0, 1.0, 149340.0, 0.0, 22154.0, 23328.0, 0.0, 84284.0, 116051.0, 0.0, 66921.0, 98332.0, 0.0, 47195.0, 47195.0, 0.0, 5078.0, 5434.0, 0.0, 12285.0, 12285.0, 0.0, 0.0]
[386.0, 304.8, 265.0, 222.0, 452.2, 412.1, 472.2, 396.4, 305.5, 222.7, 343.2, 260.0, 215.6, 159.4, 27485.0, 53931.0, 468.0, 510.0, 95.0, 543.0, 2.03, 569315.0, 674296.0, 1942782.0, 0.0, 0.0, 0.0, 20489.0, 0.0, 0.0, 72989.0, 0.0, 0.0, 0.0, 13106.0, 567736.0, 123019.0, 0.0, 0.0, 352818.0, 0.0, 0.0, 58153.0, 0.0, 0.0, 0.0, 0.0, 0.0, 294665.0, 0.0, 0.0, 0.0, 0.0, 0.0, 297912.0, 307779.0]
[389.0, 311.9, 296.4, 253.0, 457.4, 441.0, 465.8, 417.6, 300.8, 217.3, 345.1, 253.9, 209.2, 155.4, 25950.0, 44862.0, 521.0, 578.0, 0.0, 0.0, 2.18, 184550.0, 526470.0, 1511450.0, 0.0, 28574.0, 58616.0, 10967.0, 173768.0, 299344.0, 33845.0, 54742.0, 92614.0, 0.0, 582.0, 487745.0, 32777.0, 93064.0, 135218.0, 106961.0, 175740.0, 437914.0, 30701.0, 146442.0, 327516.0, 0.0, 107164.0, 107164.0, 76260.0, 17406.0, 98506.0, 0.0, 11892.0, 11892.0, 6507.0, 7553.0]
[581.2, 507.7, 437.0, 386.3, 663.8, 617.1, 661.7, 581.3, 406.8, 298.7, 436.0, 337.3, 316.7, 193.4, 20609.0, 25504.0, 726.0, 808.0, 32.0, 417.0, 2.59, 43946.0, 224635.0, 485975.0, 0.0, 10290.0, 18928.0, 0.0, 10335.0, 0.0, 0.0, 22648.0, 0.0, 0.0, 4063.0, 190299.0, 0.0, 35403.0, 0.0, 0.0, 141896.0, 0.0, 0.0, 125026.0, 0.0, 0.0, 108959.0, 108959.0, 0.0, 9551.0, 0.0, 0.0, 7319.0, 7319.0, 0.0, 0.0]
[514.6, 374.3, 346.9, 283.0, 518.7, 486.0, 623.6, 472.3, 469.2, 272.5, 544.9, 329.4, 295.1, 175.6, 18048.0, 13279.0, 1267.0, 1359.0, 30.0, 217.0, 2.13, 0.0, 256114.0, 464460.0, 0.0, 18198.0, 34695.0, 0.0, 61642.0, 68939.0, 0.0, 9827.0, 10558.0, 0.0, 175.0, 152385.0, 0.0, 20458.0, 22200.0, 0.0, 145814.0, 175683.0, 0.0, 101854.0, 131406.0, 0.0, 88677.0, 88677.0, 0.0, 11294.0, 11612.0, 0.0, 32666.0, 32666.0, 0.0, 0.0]
[608.5, 486.5, 407.2, 332.0, 685.7, 612.8, 705.3, 555.1, 444.7, 294.5, 479.6, 330.4, 312.5, 184.6, 35660.0, 32830.0, 967.0, 1086.0, 87.0, 597.0, 2.5, 0.0, 415090.0, 807583.0, 0.0, 3237.0, 5965.0, 0.0, 28846.0, 64130.0, 0.0, 21924.0, 26437.0, 0.0, 760.0, 307852.0, 0.0, 89294.0, 100868.0, 0.0, 271029.0, 302332.0, 0.0, 147944.0, 177802.0, 0.0, 135207.0, 135207.0, 0.0, 14811.0, 16255.0, 0.0, 108274.0, 108274.0, 0.0, 0.0]
[435.2, 336.3, 293.5, 244.5, 503.8, 475.2, 527.6, 455.7, 360.8, 236.6, 419.3, 278.7, 235.8, 162.7, 56301.0, 80633.0, 627.0, 698.0, 166.0, 2696.0, 2.18, 322188.0, 1176309.0, 3043189.0, 0.0, 29353.0, 53776.0, 6145.0, 432863.0, 690518.0, 45494.0, 126775.0, 181836.0, 0.0, 18.0, 1091756.0, 229532.0, 271626.0, 592654.0, 41017.0, 315674.0, 432650.0, 39221.0, 239862.0, 349178.0, 0.0, 193847.0, 193847.0, 1796.0, 55439.0, 63099.0, 0.0, 20373.0, 20373.0, 107464.0, 38288.0]
[509.8, 394.8, 364.4, 295.4, 601.6, 504.3, 589.7, 466.5, 385.7, 252.4, 438.6, 308.4, 268.6, 184.5, 44839.0, 55997.0, 708.0, 801.0, 10.0, 228.0, 2.04, 624956.0, 579494.0, 2360080.0, 0.0, 1152.0, 19667.0, 10702.0, 27156.0, 53807.0, 76451.0, 97610.0, 179546.0, 0.0, 30904.0, 1126689.0, 158697.0, 349341.0, 515418.0, 379106.0, 73331.0, 464953.0, 5328.0, 10818.0, 23410.0, 0.0, 8877.0, 8877.0, 373778.0, 62320.0, 441349.0, 0.0, 194.0, 194.0, 0.0, 0.0]
[380.1, 310.0, 278.4, 235.5, 454.8, 439.0, 473.9, 433.7, 284.1, 223.7, 323.1, 263.6, 200.2, 154.9, 14807.0, 28892.0, 477.0, 512.0, 35.0, 526.0, 2.09, 115641.0, 414938.0, 3508890.0, 0.0, 5874.0, 66486.0, 4512.0, 160526.0, 2535652.0, 17829.0, 38795.0, 58268.0, 0.0, 165.0, 450157.0, 31585.0, 95930.0, 171894.0, 61715.0, 113648.0, 226432.0, 11107.0, 94849.0, 155555.0, 0.0, 75842.0, 75842.0, 50608.0, 13466.0, 65545.0, 0.0, 5333.0, 5333.0, 0.0, 744613.0]
[373.8, 300.6, 298.2, 255.8, 438.8, 404.2, 461.1, 405.2, 276.5, 213.0, 313.4, 258.4, 203.2, 155.9, 13116.0, 28469.0, 408.0, 461.0, 68.0, 2113.0, 2.15, 174280.0, 361823.0, 1142840.0, 0.0, 20010.0, 65853.0, 26590.0, 123269.0, 323687.0, 26391.0, 37113.0, 65545.0, 0.0, 879.0, 323702.0, 18042.0, 62664.0, 87311.0, 103257.0, 117889.0, 276741.0, 12323.0, 88591.0, 155189.0, 0.0, 72309.0, 72309.0, 90934.0, 19196.0, 111450.0, 0.0, 10102.0, 10102.0, 4378.0, 0.0]
